1.200499999999999972e+02
1.201676146928421929e+02
1.202853100363437591e+02
1.204030856085247478e+02
1.205209409867308068e+02
1.206388757476384797e+02
1.207568894672607911e+02
1.208749817209529738e+02
1.209931520834180247e+02
1.211114001287120772e+02
1.212297254302505110e+02
1.213481275608133245e+02
1.214666060925510038e+02
1.215851605969901641e+02
1.217037906450394757e+02
1.218224958069952919e+02
1.219412756525476169e+02
1.220601297507859329e+02
1.221790576702049549e+02
1.222980589787106993e+02
